sensor: 2, range: 35, bearing: 81.589500, ID: 0sensor: 2, range: 72, bearing: 97.953239, ID: 0sensor: 1, range: 600, bearing: 84.964233, ID: 0sensor: 1, range: 4008, bearing: 61.621849, ID: 0sensor: 1, range: 4004, bearing: 60.137882, ID: 0sensor: 1, range: 4023, bearing: 61.965622, ID: 0sensor: 1, range: 3994, bearing: 62.108864, ID: 0ÿsensor: 1, range: 36, bearing: 52.288330, ID: 0sensor: 1, range: 68, bearing: 53.411331, ID: 0sensor: 2, range: 69, bearing: 69.179192, ID: 0sensor: 0, range: 24, bearing: 63.936604, ID: 0sensor: 1, range: 72, bearing: 59.610760, ID: 0sensor: 1, range: 58, bearing: 50.999172, ID: 0sensor: 1, range: 92, bearing: 72.496628, ID: 0sensor: 0, range: 47, bearing: 57.702801, ID: 0sensor: 11, range: 37, bearing: 70.118843, ID: 0sensor: 1, range: 3353, bearing: 45.607616, ID: 0
sensor: 1, range: 3358, bearing: 44.100731, ID: 0sensor: 1, range: 3379, bearing: 45.544590, ID: 0sensor: 1, range: 3381, bearing: 45.739395, ID: 0sensor: 1, range: 3385, bearing: 48.283340, ID: 0sensor: 1, range: 3380, bearing: 47.928104, ID: 0ÿsensor: 1, range: 34, bearing: 67.420204, ID: 0sensor: 1, range: 75, bearing: 55.829224, ID: 0sensor: 1, range: 61, bearing: 46.959801, ID: 0sensor: 1, range: 86, bearing: 53.967102, ID: 0sensor: 0, range: 101, bearing: 54.757786, ID: 0sensor: 1, range: 30, bearing: 63.867851, ID: 0ÿsensor: 1, range: 109, bearing: 64.045471, ID: 0sensor: 0, range: 1493, bearing: 52.993073, ID: 0sensor: 0, range: 1422, bearing: 45.332596, ID: 0sensor: 0, range: 1432, bearing: 45.349785, ID: 0ÿsensor: 0, range: 1429, bearing: 45.275299, ID: 0ÿsensor: 5, range: 302, bearing: 125.695969, ID: 0ÿsensor: 0, range: 58, bearing: 50.260052, ID: 0sensor: 0, range: 66, bearing: 44.897144, ID: 0sensor: 1, range: 62, bearing: 55.210426, ID: 0sensor: 0, range: 0, bearing: 0.000000, ID: 0sensor: 3, range: 36, bearing: 115.778030, ID: 0sensor: 4, range: 142, bearing: 119.112648, ID: 0ÿsensor: 2, range: 228, bearing: 85.863785, ID: 0sensor: 1, range: 83, bearing: 23.302282, ID: 0sensor: 10, range: 60, bearing: 13.796877, ID: 0sensor: 10, range: 36, bearing: 27.209869, ID: 0sensor: 4, range: 58, bearing: 143.560867, ID: 0sensor: 4, range: 58, bearing: 147.537201, ID: 0sensor: 3, range: 41, bearing: 134.869049, ID: 0sensor: 4, range: 32, bearing: 140.633026, ID: 0sensor: 6, range: 54, bearing: 135.356079, ID: 0sensor: 4, range: 78, bearing: 135.739944, ID: 0sensor: 4, range: 64, bearing: 134.771652, ID: 0sensor: 5, range: 10, bearing: 136.811386, ID: 0